"WHOLESALES - RETAIL SALES - PRODUCTION - EXPORT IMPORT BY CATEGORY JAN-DEC 2024
A.  WHOLESALES","","","","","","","","","","","","","","","","",""
"CATEGORY","","","MONTH","","","","","","","","","","","","MARKET
2024","SHARE
%",""
"","","","JAN","FEB","MAR","APR","MAY","JUN","JUL","AUG","SEP","OCT","NOV","DEC","","",""
"01","SEDAN TYPE","CC < 1.500 (G/D)","127","156","214","122","136","825","1,428","1,391","603","398","697","222","6,319","0.7%",""
"","","1.501 < CC < 3.000 (G)/2.500 (D)","221","213","350","206","383","329","391","576","484","404","354","292","4,203","0.5%",""
"","","CC > 3.001 (G)/2.501 (D)","-","-","1","-","1","2","-","1","-","-","2","-","7","0.0%",""
"","SUB TOTAL","","348","369","565","328","520","1,156","1,819","1,968","1,087","802","1,053","514","10,529","1.2%",""
"02","4X2 TYPE","CC < 1.500 (G/D)","29,308","30,407","29,900","20,269","29,715","29,957","28,147","30,461","29,393","32,186","31,317","34,530","355,590","41.1%",""
"","","1.501 < CC < 2.500 (G/D)","7,474","7,032","7,882","5,382","7,926","7,927","9,798","9,847","8,982","9,151","9,863","8,794","100,058","11.6%",""
"","","2.501 < CC < 3.000 (G)","-","-","-","-","-","-","-","-","7","37","1","30","75","0.0%",""
"","","CC > 3.001 (G)/2.501 (D)","1,198","1,127","1,675","330","1,391","1,596","1,195","490","1,945","1,236","1,411","1,165","14,759","1.7%",""
"","SUB TOTAL","","37,980","38,566","39,457","25,981","39,032","39,480","39,140","40,798","40,327","42,610","42,592","44,519","470,482","54.3%",""
"03","4X4 TYPE","CC < 1.500 (G/D)","37","299","379","201","131","156","116","124","348","344","312","460","2,907","0.3%",""
"","","1.501 < CC < 3.000 (G)/2.500 (D)","547","505","580","503","552","516","707","729","922","1,065","1,003","1,129","8,758","1.0%",""
"","","CC > 3.001 (G)/2.500 (D)","344","248","198","267","250","254","238","221","381","272","422","449","3,544","0.4%",""
"","SUB TOTAL","","928","1,052","1,157","971","933","926","1,061","1,074","1,651","1,681","1,737","2,038","15,209","1.8%",""
"04","BUS","GVW          5 - 10        Ton (G/D)","224","288","334","310","270","366","297","308","336","438","298","251","3,720","0.4%",""
"","","GVW         10 - 24       Ton (G/D)","141","162","200","87","154","167","133","273","88","74","100","268","1,847","0.2%",""
"","","GVW           > 24         Ton (G/D)","11","5","7","1","5","4","-","15","6","12","5","3","74","0.0%",""
"","SUB TOTAL","","376","455","541","398","429","537","430","596","430","524","403","522","5,641","0.7%",""
"05","PICK UP","GVW            < 5          Ton (G/D)","8,125","7,307","9,565","5,688","8,866","8,818","9,302","8,580","7,794","9,263","8,456","9,808","101,572","11.7%",""
"6 .","TRUCK","GVW          5 - 10        Ton (G/D)","3,282","3,575","3,376","2,820","3,798","3,870","3,905","3,424","3,402","3,613","3,446","4,034","42,545","4.9%",""
"","","GVW         10 - 24       Ton (G/D)","389","358","313","255","370","527","391","471","448","509","365","580","4,976","0.6%",""
"","","GVW           > 24         Ton (G/D)","1,168","1,154","1,472","1,085","1,604","1,685","1,870","1,881","1,671","1,741","2,115","2,048","19,494","2.3%",""
"","SUB TOTAL","","4,839","5,087","5,161","4,160","5,772","6,082","6,166","5,776","5,521","5,863","5,926","6,662","67,015","7.7%",""
"07","DOUBLE CABIN
4X2 / 4X4","GVW            < 5          Ton (G/D)
For all CC","326","1,557","1,434","1,495","1,246","2,364","1,503","1,817","1,625","1,896","1,949","1,297","18,509","2.1%",""
"","SUB TOTAL","","326","1,557","1,434","1,495","1,246","2,364","1,503","1,817","1,625","1,896","1,949","1,297","18,509","2.1%",""
"8 .","AFFORDABLE ENERGY SAVING CARS 4X2","CC ≤ 1200 (G)","16,836","16,379","16,840","9,743","14,593","15,252","14,809","15,693","14,673","14,765","12,737","14,446","176,766","20.4%",""
"","","CC ≤ 1500 (D)","-","-","-","-","-","-","-","-","-","-","-","-","-","0.0%",""
"","SUB TOTAL","","16,836","16,379","16,840","9,743","14,593","15,252","14,809","15,693","14,673","14,765","12,737","14,446","176,766","20%",""
"","","","","","","","","","","","","","","","","",""
"MARKET TOTAL","","","69,758","70,772","74,720","48,764","71,391","74,615","74,230","76,302","73,108","77,404","74,853","79,806","865,723","100%",""
"CUMMULATIVE","","","69,758","140,530","215,250","264,014","335,405","410,020","484,250","560,552","633,660","711,064","785,917","865,723","","",""
"B.  RETAIL SALES","","","","","","","","","","","","","","","","",""
"CATEGORY","","","MONTH","","","","","","","","","","","","RETAIL
2024","SHARE
%",""
"","","","JAN","FEB","MAR","APR","MAY","JUN","JUL","AUG","SEP","OCT","NOV","DEC","","",""
"01","SEDAN TYPE","CC < 1.500 (G/D)","163","144","300","181","130","141","1,010","1,577","665","648","698","531","6,188","0.7%",""
"","","1.501 < CC < 3.000 (G)/2.500 (D)","310","301","397","208","291","352","419","491","448","352","279","290","4,138","0.5%",""
"","","CC > 3.001 (G)/2.501 (D)","1","1","2","-","1","1","2","3","-","1","2","-","14","0.0%",""
"","SUB TOTAL","","474","446","699","389","422","494","1,431","2,071","1,113","1,001","979","821","10,340","1.2%",""
"02","4X2 TYPE","CC < 1.500 (G/D)","33,711","30,252","36,078","23,810","29,757","30,315","31,462","32,055","29,239","29,746","32,098","35,195","373,718","42.0%",""
"","","1.501 < CC < 2.500 (G/D)","8,330","8,181","9,251","6,464","7,711","7,953","9,138","8,747","9,227","8,629","9,026","8,484","101,141","11.4%",""
"","","2.501 < CC < 3.000 (G)","-","-","-","-","-","-","-","-","3","23","14","14","54","0.0%",""
"","","CC > 3.001 (G)/2.501 (D)","1,703","1,160","1,574","1,051","1,225","1,191","1,281","1,153","1,278","1,380","1,307","1,355","15,658","1.8%",""
"","SUB TOTAL","","43,744","39,593","46,903","31,325","38,693","39,459","41,881","41,955","39,747","39,778","42,445","45,048","490,571","55.1%",""
"03","4X4 TYPE","CC < 1.500 (G/D)","40","216","376","195","180","178","172","189","356","356","302","288","2,848","0.3%",""
"","","1.501 < CC < 3.000 (G)/2.500 (D)","516","533","620","451","562","498","606","671","950","963","896","1,086","8,352","0.9%",""
"","","CC > 3.001 (G)/2.500 (D)","409","309","217","275","273","267","296","180","302","281","324","351","3,484","0.4%",""
"","SUB TOTAL","","965","1,058","1,213","921","1,015","943","1,074","1,040","1,608","1,600","1,522","1,725","14,684","1.7%",""
"04","BUS","GVW          5 - 10        Ton (G/D)","394","297","299","226","270","328","330","367","384","391","317","457","4,060","0.5%",""
"","","GVW         10 - 24       Ton (G/D)","181","167","219","96","95","132","172","169","142","213","177","244","2,007","0.2%",""
"","","GVW           > 24         Ton (G/D)","11","5","6","1","5","3","-","5","6","7","7","10","66","0.0%",""
"","SUB TOTAL","","586","469","524","323","370","463","502","541","532","611","501","711","6,133","0.7%",""
"05","PICK UP","GVW            < 5          Ton (G/D)","9,224","7,942","8,831","7,233","9,358","8,121","8,688","8,560","8,110","8,964","8,923","9,939","103,893","11.7%",""
"06","TRUCK","GVW          5 - 10        Ton (G/D)","3,806","3,403","3,476","3,005","3,601","3,600","3,630","3,641","3,484","3,632","3,722","4,390","43,390","4.9%",""
"","","GVW         10 - 24       Ton (G/D)","375","325","346","283","330","409","443","398","409","428","480","663","4,889","0.5%",""
"","","GVW           > 24         Ton (G/D)","1,310","1,154","1,454","805","1,415","1,413","1,847","1,687","1,716","1,857","1,593","2,040","18,291","2.1%",""
"","SUB TOTAL","","5,491","4,882","5,276","4,093","5,346","5,422","5,920","5,726","5,609","5,917","5,795","7,093","66,570","7.5%",""
"07","DOUBLE CABIN
4X2 / 4X4","GVW            < 5          Ton (G/D)
For all CC","1,042","1,191","1,516","1,245","1,617","2,019","1,583","1,289","1,726","1,811","2,160","1,564","18,763","2.1%",""
"","SUB TOTAL","","1,042","1,191","1,516","1,245","1,617","2,019","1,583","1,289","1,726","1,811","2,160","1,564","18,763","2.1%",""
"8 .","AFFORDABLE ENERGY SAVING CARS 4X2","CC ≤ 1200 (G)","16,911","14,839","17,208","13,361","15,425","13,369","14,509","15,624","14,156","13,983","14,148","15,193","178,726","20.1%",""
"","","CC ≤ 1500 (D)","-","-","-","-","-","-","-","-","-","-","-","-","-","0.0%",""
"","SUB TOTAL","","16,911","14,839","17,208","13,361","15,425","13,369","14,509","15,624","14,156","13,983","14,148","15,193","178,726","20.1%",""
"","","","","","","","","","","","","","","","","",""
"RETAIL TOTAL","","","78,437","70,420","82,170","58,890","72,246","70,290","75,588","76,806","72,601","73,665","76,473","82,094","889,680","100%",""
"CUMMULATIVE","","","78,437","148,857","231,027","289,917","362,163","432,453","508,041","584,847","657,448","731,113","807,586","889,680","","",""
"C.  PRODUCTION","","","","","","","","","","","","","","","","",""
"CATEGORY","","","MONTH","","","","","","","","","","","","PROD
2024","SHARE
%",""
"","","","JAN","FEB","MAR","APR","MAY","JUN","JUL","AUG","SEP","OCT","NOV","DEC","","",""
"01","SEDAN TYPE","CC < 1.500 (G/D)","41","90","11","26","23","54","66","26","22","27","59","29","474","0.0%",""
"","","1.501 < CC < 3.000 (G)/2.500 (D)","217","107","194","95","184","112","181","323","253","260","60","106","2,092","0.2%",""
"","","CC > 3.001 (G)/2.500 (D)","-","-","-","-","-","-","-","-","-","-","-","-","-","0.0%",""
"","SUB TOTAL","","258","197","205","121","207","166","247","349","275","287","119","135","2,566","0.2%",""
"02","4X2 TYPE","CC < 1.500 (G/D)","60,088","54,425","47,474","42,798","53,095","51,200","60,549","62,876","57,773","60,336","55,790","54,809","661,213","55.3%",""
"","","1.501 < CC < 2.500 (G/D)","9,728","7,652","5,449","5,000","7,440","6,430","9,730","9,912","8,121","10,198","8,957","7,605","96,222","8.0%",""
"","","2.501 < CC < 3.000 (G)","3,138","3,074","4,121","1,922","3,815","4,376","3,600","2,291","5,124","4,082","3,722","3,787","43,052","3.6%",""
"","","CC > 3.001 (G)/2.500 (D)","-","-","-","-","-","-","-","-","-","-","-","-","-","0.0%",""
"","SUB TOTAL","","72,954","65,151","57,044","49,720","64,350","62,006","73,879","75,079","71,018","74,616","68,469","66,201","800,487","66.9%",""
"03","4X4 TYPE","CC < 1.500 (G/D)","-","-","-","-","-","-","-","-","-","-","56","234","290","0.0%",""
"","","1.501 < CC < 3.000 (G)/2.500 (D)","370","378","360","202","353","396","236","316","557","580","759","711","5,218","0.4%",""
"","","CC > 3.001 (G)/2.500 (D)","1,175","969","1,216","1,565","1,190","1,309","1,197","1,196","1,551","994","981","1,011","14,354","1.2%",""
"","SUB TOTAL","","1,545","1,347","1,576","1,767","1,543","1,705","1,433","1,512","2,108","1,574","1,796","1,956","19,862","1.7%",""
"04","BUS","GVW          5 - 10        Ton (G/D)","118","167","186","202","362","372","281","120","286","403","413","217","3,127","0.3%",""
"","","GVW         10 - 24       Ton (G/D)","93","142","116","116","178","109","147","384","100","122","112","98","1,717","0.1%",""
"","","GVW           > 24         Ton (G/D)","-","-","-","-","-","-","-","-","-","-","-","-","-","0.0%",""
"","SUB TOTAL","","211","309","302","318","540","481","428","504","386","525","525","315","4,844","0.4%",""
"05","PICK UP","GVW            < 5          Ton (G/D)","8,268","7,733","9,035","5,551","8,362","9,036","9,998","9,187","8,227","9,620","7,898","8,322","101,237","8.5%",""
"06","TRUCK","GVW          5 - 10        Ton (G/D)","2,921","3,561","2,693","2,848","3,722","3,744","4,410","3,700","3,405","3,050","3,916","3,896","41,866","3.5%",""
"","","GVW         10 - 24       Ton (G/D)","228","276","240","198","234","334","368","313","258","342","241","348","3,380","0.3%",""
"","","GVW           > 24         Ton (G/D)","1,145","955","1,003","878","1,391","1,662","1,726","1,933","1,507","1,917","2,305","1,939","18,361","1.5%",""
"","SUB TOTAL","","4,294","4,792","3,936","3,924","5,347","5,740","6,504","5,946","5,170","5,309","6,462","6,183","63,607","5.3%",""
"07","DOUBLE CABIN","GVW            < 5          Ton (G/D)
For all CC","-","-","-","-","-","-","-","-","-","-","-","-","-","0.0%",""
"","SUB TOTAL","","-","-","-","-","-","-","-","-","-","-","-","-","-","0.0%",""
"8 .","AFFORDABLE ENERGY SAVING CARS 4X2","CC ≤ 1200 (G)","18,694","19,212","17,848","11,920","17,709","16,522","17,464","17,446","16,390","19,314","15,118","16,424","204,061","17.1%",""
"","","CC ≤ 1500 (D)","-","-","-","-","-","-","-","-","-","-","-","-","-","0.0%",""
"","SUB TOTAL","","18,694","19,212","17,848","11,920","17,709","16,522","17,464","17,446","16,390","19,314","15,118","16,424","204,061","17.1%",""
"","","","","","","","","","","","","","","","","",""
"PRODUCTION TOTAL","","","106,224","98,741","89,946","73,321","98,058","95,656","109,953","110,023","103,574","111,245","100,387","99,536","1,196,664","100%",""
"PRODUCTION CUM. TOTAL","","","106,224","204,965","294,911","368,232","466,290","561,946","671,899","781,922","885,496","996,741","1,097,128","1,196,664","","",""
"D.  EXPORTS","","","","","","","","","","","","","","","","",""
"CBU (UNIT)","","","33,039","34,871","40,416","30,422","41,109","38,602","40,431","39,801","46,089","46,703","37,130","43,581","472,194","",""
"CKD (SET)","","","4,051","4,708","5,130","1,680","1,622","3,076","5,796","4,268","4,848","4,524","2,952","3,656","46,311","",""
"COMPONENTS (PIECES)","","","15,583,116","10,552,844","13,677,806","9,705,804","14,259,311","13,921,311","17,581,301","16,697,401","10,883,128","9,882,793","10,793,967","9,536,913","153,075,695","",""
"E.  IMPORTS","","","","","","","","","","","","","","","","",""
"CBU (UNIT)","","","4,657","9,906","5,560","6,174","4,590","9,687","10,358","8,350","10,770","11,446","9,587","5,925","97,010","",""
"©GAIKINDO-24","","","","","","","","","","","","","","","","",""
"GAIKINDO
WHOLESALES - RETAIL SALES - PRODUCTION - EXPORT IMPORT BY CATEGORY JAN-DEC 2023/2024
A.  WHOLESALES","","","","","","","","","","","","","","","","",""
