"BY CATEGORY JAN-DEC 2018
WHOLESALES","","","","","","","","","","","","","","","","",""
"CATEGORY","","","MONTH","","","","","","","","","","","","MARKET
2018","SHARE
%",""
"","","","JAN","FEB","MAR","APR","MAY","JUN","JUL","AUG","SEP","OCT","NOV","DEC","","",""
"01","SEDAN TYPE","CC < 1.500 (G/D)","337","378","242","343","240","200","251","161","274","198","289","324","3,237","0.3%",""
"","","1.501 < CC < 3.000 (G)/2.500 (D)","233","312","261","435","546","271","279","266","204","155","213","98","3,273","0.3%",""
"","","CC > 3.001 (G)/2.501 (D)","4","46","31","22","27","8","3","7","7","13","12","14","194","0.0%",""
"","SUB TOTAL","","574","736","534","800","813","479","533","434","485","366","514","436","6,704","0.6%",""
"02","4X2 TYPE","CC < 1.500 (G/D)","41,694","38,919","43,339","43,987","44,990","23,899","46,966","46,049","40,893","45,638","40,876","37,108","494,358","42.9%",""
"","","1.501 < CC < 2.500 (G/D)","9,700","12,353","13,666","11,492","12,370","6,639","13,254","13,186","11,327","12,447","11,949","10,529","138,912","12.1%",""
"","","2.501 < CC < 3.000 (G)","101","66","62","23","41","59","170","178","69","51","97","116","1,033","0.1%",""
"","","CC > 3.001 (G)/2.501 (D)","-","-","-","17","27","6","9","9","4","2","-","3","77","0.0%",""
"","SUB TOTAL","","51,495","51,338","57,067","55,519","57,428","30,603","60,399","59,422","52,293","58,138","52,922","47,756","634,380","55.1%",""
"03","4X4 TYPE","CC < 1.500 (G/D)","8","1","2","37","1","2","2","-","-","1","1","-","55","0.0%",""
"","","1.501 < CC < 3.000 (G)/2.500 (D)","226","130","138","171","180","57","187","188","205","225","177","127","2,011","0.2%",""
"","","CC > 3.001 (G)/2.500 (D)","51","115","95","85","84","87","135","70","87","98","79","98","1,084","0.1%",""
"","SUB TOTAL","","285","246","235","293","265","146","324","258","292","324","257","225","3,150","0.3%",""
"04","BUS","GVW         5 - 10       Ton (G/D)","151","129","176","208","255","100","193","297","153","200","142","121","2,125","0.2%",""
"","","GVW        10 - 24      Ton (G/D)","265","89","135","60","77","119","108","103","73","88","151","104","1,372","0.1%",""
"","","GVW          > 24        Ton (G/D)","1","6","4","-","-","-","1","2","4","4","-","-","22","0.0%",""
"","SUB TOTAL","","417","224","315","268","332","219","302","402","230","292","293","225","3,519","0.3%",""
"05","PICK UP","GVW           < 5         Ton (G/D)","13,011","12,501","12,361","11,133","9,511","7,657","13,259","13,221","12,929","13,519","14,195","10,176","143,473","12.5%",""
"6 .","TRUCK","GVW         5 - 10       Ton (G/D)","5,878","6,095","7,111","7,497","5,707","4,486","6,937","6,415","7,265","6,846","6,514","6,059","76,810","6.7%",""
"","","GVW        10 - 24      Ton (G/D)","476","558","556","535","537","398","644","671","752","768","736","643","7,274","0.6%",""
"","","GVW          > 24        Ton (G/D)","1,966","2,301","2,653","2,726","2,567","1,628","2,844","2,433","2,533","2,510","2,749","2,915","29,825","2.6%",""
"","SUB TOTAL","","8,320","8,954","10,320","10,758","8,811","6,512","10,425","9,519","10,550","10,124","9,999","9,617","113,909","9.9%",""
"07","DOUBLE CABIN
4X2 / 4X4","GVW           < 5         Ton (G/D)
For all CC","1,366","1,592","1,465","1,336","1,363","1,001","1,291","1,418","1,310","1,340","1,186","1,062","15,730","1.4%",""
"","SUB TOTAL","","1,366","1,592","1,465","1,336","1,363","1,001","1,291","1,418","1,310","1,340","1,186","1,062","15,730","1.4%",""
"8 .","AFFORDABLE ENERGY SAVING CARS 4X2","CC ≤ 1200 (G)","20,387","18,683","19,503","22,271","22,007","12,225","20,941","17,517","15,222","21,977","21,361","18,349","230,443","20.0%",""
"","","CC ≤ 1500 (D)","-","-","-","-","-","-","-","-","-","-","-","-","-","0.0%",""
"","SUB TOTAL","","20,387","18,683","19,503","22,271","22,007","12,225","20,941","17,517","15,222","21,977","21,361","18,349","230,443","20%",""
"","","","","","","","","","","","","","","","","",""
"MARKET TOTAL","","","95,855","94,274","101,800","102,378","100,530","58,842","107,474","102,191","93,311","106,080","100,727","87,846","1,151,308","100%",""
"CUMMULATIVE","","","95,855","190,129","291,929","394,307","494,837","553,679","661,153","763,344","856,655","962,735","1,063,462","1,151,308","","",""
"RETAIL SALES","","","","","","","","","","","","","","","","",""
"CATEGORY","","","MONTH","","","","","","","","","","","","RETAIL
2018","SHARE
%",""
"","","","JAN","FEB","MAR","APR","MAY","JUN","JUL","AUG","SEP","OCT","NOV","DEC","","",""
"01","SEDAN TYPE","CC < 1.500 (G/D)","255","588","417","634","287","174","245","470","282","242","273","345","4,212","0.4%",""
"","","1.501 < CC < 3.000 (G)/2.500 (D)","236","328","247","423","392","406","226","249","247","286","208","140","3,388","0.3%",""
"","","CC > 3.001 (G)/2.501 (D)","1","32","29","21","30","5","4","10","10","17","12","15","186","0.0%",""
"","SUB TOTAL","","492","948","693","1,078","709","585","475","729","539","545","493","500","7,786","0.7%",""
"02","4X2 TYPE","CC < 1.500 (G/D)","42,597","39,569","49,422","39,436","46,496","31,139","44,448","43,885","39,905","39,521","40,974","45,850","503,242","43.7%",""
"","","1.501 < CC < 2.500 (G/D)","10,571","11,700","12,909","12,419","13,129","8,561","11,020","12,101","10,852","10,718","11,416","12,060","137,456","11.9%",""
"","","2.501 < CC < 3.000 (G)","163","123","112","95","78","50","122","99","104","85","89","147","1,267","0.1%",""
"","","CC > 3.001 (G)/2.501 (D)","-","-","-","-","-","-","-","-","-","-","2","4","6","0.0%",""
"","SUB TOTAL","","53,331","51,392","62,443","51,950","59,703","39,750","55,590","56,085","50,861","50,324","52,481","58,061","641,971","55.7%",""
"03","4X4 TYPE","CC < 1.500 (G/D)","58","7","8","3","5","3","3","3","2","6","4","3","105","0.0%",""
"","","1.501 < CC < 3.000 (G)/2.500 (D)","192","173","170","113","168","85","136","226","203","233","220","149","2,068","0.2%",""
"","","CC > 3.001 (G)/2.500 (D)","76","82","95","106","99","68","81","81","102","94","118","67","1,069","0.1%",""
"","SUB TOTAL","","326","262","273","222","272","156","220","310","307","333","342","219","3,242","0.3%",""
"04","BUS","GVW         5 - 10       Ton (G/D)","141","124","163","222","234","133","137","289","199","149","203","201","2,195","0.2%",""
"","","GVW        10 - 24      Ton (G/D)","245","112","112","85","97","40","135","117","78","124","135","137","1,417","0.1%",""
"","","GVW          > 24        Ton (G/D)","1","6","4","-","-","-","1","2","4","4","-","-","22","0.0%",""
"","SUB TOTAL","","387","242","279","307","331","173","273","408","281","277","338","338","3,634","0.3%",""
"05","PICK UP","GVW           < 5         Ton (G/D)","10,989","10,662","11,734","10,894","10,901","7,612","13,041","13,163","13,652","13,881","13,098","12,710","142,337","12.3%",""
"06","TRUCK","GVW         5 - 10       Ton (G/D)","5,373","5,591","6,529","6,372","5,906","4,581","5,651","6,670","7,259","6,851","7,079","7,889","75,751","6.6%",""
"","","GVW        10 - 24      Ton (G/D)","568","541","634","549","554","476","642","639","754","766","722","734","7,579","0.7%",""
"","","GVW          > 24        Ton (G/D)","2,112","2,327","2,539","2,497","2,517","1,784","2,551","2,447","2,608","2,523","2,670","2,879","29,454","2.6%",""
"","SUB TOTAL","","8,053","8,459","9,702","9,418","8,977","6,841","8,844","9,756","10,621","10,140","10,471","11,502","112,784","9.8%",""
"07","DOUBLE CABIN
4X2 / 4X4","GVW           < 5         Ton (G/D)
For all CC","1,007","1,275","1,476","1,263","1,181","924","1,285","1,458","1,340","1,473","1,456","1,269","15,407","1.3%",""
"","SUB TOTAL","","1,007","1,275","1,476","1,263","1,181","924","1,285","1,458","1,340","1,473","1,456","1,269","15,407","1.3%",""
"8 .","AFFORDABLE ENERGY SAVING CARS 4X2","CC ≤ 1200 (G)","19,535","17,612","19,450","19,595","22,079","15,737","18,454","17,401","14,754","16,659","19,323","24,881","225,480","19.6%",""
"","","CC ≤ 1500 (D)","-","-","-","-","-","-","-","-","-","-","-","-","-","0.0%",""
"","SUB TOTAL","","19,535","17,612","19,450","19,595","22,079","15,737","18,454","17,401","14,754","16,659","19,323","24,881","225,480","19.6%",""
"","","","","","","","","","","","","","","","","",""
"RETAIL TOTAL","","","94,120","90,852","106,050","94,727","104,153","71,778","98,182","99,310","92,355","93,632","98,002","109,480","1,152,641","100%",""
"CUMMULATIVE","","","94,120","184,972","291,022","385,749","489,902","561,680","659,862","759,172","851,527","945,159","1,043,161","1,152,641","","",""
"PRODUCTION","","","","","","","","","","","","","","","","",""
"CATEGORY","","","MONTH","","","","","","","","","","","","PROD
2018","SHARE
%",""
"","","","JAN","FEB","MAR","APR","MAY","JUN","JUL","AUG","SEP","OCT","NOV","DEC","","",""
"01","SEDAN TYPE","CC < 1.500 (G/D)","3,608","2,506","2,989","3,051","1,391","1,013","1,501","1,618","1,620","1,418","1,603","1,504","23,822","1.8%",""
"","","1.501 < CC < 3.000 (G)/2.500 (D)","311","305","196","129","83","84","88","90","111","197","171","220","1,985","0.1%",""
"","","CC > 3.001 (G)/2.500 (D)","-","-","-","-","-","-","-","-","-","-","-","-","-","0.0%",""
"","SUB TOTAL","","3,919","2,811","3,185","3,180","1,474","1,097","1,589","1,708","1,731","1,615","1,774","1,724","25,807","1.9%",""
"02","4X2 TYPE","CC < 1.500 (G/D)","48,069","39,088","46,582","50,740","53,097","29,148","57,913","57,277","53,652","59,978","52,045","40,890","588,479","43.8%",""
"","","1.501 < CC < 2.500 (G/D)","11,998","12,471","13,124","14,342","11,853","7,434","15,620","12,243","12,456","13,299","12,802","10,616","148,258","11.0%",""
"","","2.501 < CC < 3.000 (G)","745","736","669","449","444","554","874","443","303","630","598","379","6,824","0.5%",""
"","","CC > 3.001 (G)/2.500 (D)","120","165","162","140","125","56","62","51","57","64","35","56","1,093","0.1%",""
"","SUB TOTAL","","60,932","52,460","60,537","65,671","65,519","37,192","74,469","70,014","66,468","73,971","65,480","51,941","744,654","55.4%",""
"03","4X4 TYPE","CC < 1.500 (G/D)","-","-","-","6","-","-","-","-","-","-","-","-","6","0.0%",""
"","","1.501 < CC < 3.000 (G)/2.500 (D)","1,071","896","958","1,234","935","934","1,946","2,215","1,724","1,807","1,487","1,772","16,979","1.3%",""
"","","CC > 3.001 (G)/2.500 (D)","773","546","600","611","442","636","683","548","632","584","560","532","7,147","0.5%",""
"","SUB TOTAL","","1,844","1,442","1,558","1,851","1,377","1,570","2,629","2,763","2,356","2,391","2,047","2,304","24,132","1.8%",""
"04","BUS","GVW         5 - 10       Ton (G/D)","168","45","105","275","161","146","235","243","156","161","147","118","1,960","0.1%",""
"","","GVW        10 - 24      Ton (G/D)","282","163","240","48","139","59","60","27","81","114","155","132","1,500","0.1%",""
"","","GVW          > 24        Ton (G/D)","-","-","-","-","-","-","-","-","-","-","-","-","-","0.0%",""
"","SUB TOTAL","","450","208","345","323","300","205","295","270","237","275","302","250","3,460","0.3%",""
"05","PICK UP","GVW           < 5         Ton (G/D)","15,735","13,624","14,622","12,853","11,758","8,613","16,397","13,563","14,128","17,685","14,666","12,694","166,338","12.4%",""
"06","TRUCK","GVW         5 - 10       Ton (G/D)","6,950","7,065","7,695","7,490","6,978","5,396","7,633","6,755","5,865","6,479","6,986","5,790","81,082","6.0%",""
"","","GVW        10 - 24      Ton (G/D)","729","789","824","782","940","521","842","797","923","1,138","1,332","883","10,500","0.8%",""
"","","GVW          > 24        Ton (G/D)","1,724","1,920","2,297","2,287","2,329","1,533","2,982","2,571","2,218","2,412","2,108","2,179","26,560","2.0%",""
"","SUB TOTAL","","9,403","9,774","10,816","10,559","10,247","7,450","11,457","10,123","9,006","10,029","10,426","8,852","118,142","8.8%",""
"07","DOUBLE CABIN","GVW           < 5         Ton (G/D)
For all CC","-","-","-","-","-","-","-","-","-","-","-","-","-","0.0%",""
"","SUB TOTAL","","-","-","-","-","-","-","-","-","-","-","-","-","-","0.0%",""
"8 .","AFFORDABLE ENERGY SAVING CARS 4X2","CC ≤ 1200 (G)","24,374","20,439","21,616","24,769","24,032","13,870","23,424","20,414","18,547","25,887","23,102","20,696","261,170","19.4%",""
"","","CC ≤ 1500 (D)","-","-","-","-","-","-","-","-","-","-","-","-","-","0.0%",""
"","SUB TOTAL","","24,374","20,439","21,616","24,769","24,032","13,870","23,424","20,414","18,547","25,887","23,102","20,696","261,170","19.4%",""
"","","","","","","","","","","","","","","","","",""
"PRODUCTION TOTAL","","","116,657","100,758","112,679","119,206","114,707","69,997","130,260","118,855","112,473","131,853","117,797","98,461","1,343,703","100%",""
"PRODUCTION CUM. TOTAL","","","116,657","217,415","330,094","449,300","564,007","634,004","764,264","883,119","995,592","1,127,445","1,245,242","1,343,703","","",""
"EXPORTS","","","","","","","","","","","","","","","","",""
"CBU (UNIT)","","","18,711","17,950","19,576","21,400","20,124","14,642","25,159","23,559","26,632","26,990","24,859","24,951","264,553","",""
"CKD (SET)","","","5,698","5,826","7,566","7,595","7,157","4,506","8,812","7,105","6,743","7,263","7,161","6,596","82,028","",""
"COMPONENTS (PIECES)","","","6,620,482","6,421,193","7,532,745","6,789,075","7,655,348","5,629,511","9,298,134","7,169,388","7,562,696","7,402,285","7,301,695","7,249,320","86,631,872","",""
"IMPORTS","","","","","","","","","","","","","","","","",""
"CBU (UNIT)","","","6,550","8,288","11,108","9,456","7,730","7,051","10,213","7,272","4,156","5,381","4,639","2,306","84,150","",""
"©GAIKINDO-18","","","","","","","","","","","","","","","","",""
"BY CATEGORY JAN-DEC 2018/2017","","","","","","","","","","","","","","","","",""
