"BY BRAND JAN-DEC 2022
A.  WHOLESALES",,,,,,,,,,,,,,,
NO.,BRAND,MONTH,,,,,,,,,,,,"SALES
2022","SHARE
%"
,,JAN,FEB,MAR,APR,MAY,JUN,JUL,AUG,SEP,OCT,NOV,DEC,,
1,TOYOTA,22886,24865,33344,27779,13297,27290,29326,30844,33449,33740,26462,28128,331410,31.6%
2,DAIHATSU,18319,15036,17465,15617,6981,16925,15935,15339,18781,17489,20963,23815,202665,19.3%
3,HONDA,10883,11407,12975,10149,8114,9057,9599,11427,13374,9962,11691,12642,131280,12.5%
4,MITSUBISHI MOTORS,12135,10018,11501,7528,5414,4700,8023,9700,6056,6108,7056,10812,99051,9.5%
5,SUZUKI,7017,6750,8604,5801,6026,7215,7467,8064,7651,7663,8160,9990,90408,8.6%
6,MITSUBISHI FUSO,2432,2290,1788,4799,1307,3183,3731,4105,3401,3075,3638,3837,37586,3.6%
7,ISUZU,2828,2800,3420,2854,2740,2594,3239,3463,3450,3262,3091,2905,36646,3.5%
8,HYUNDAI - HMID,1220,2400,2150,2175,1532,1805,2262,5700,5126,3505,2000,2090,31965,3%
9,HINO,2022,1764,2336,1533,1871,2900,2832,2961,3136,3031,3206,3261,30853,2.9%
10,WULING,2501,2008,2500,2201,815,1236,1506,2821,3000,2955,3094,5352,29989,2.9%
11,MAZDA,208,58,110,627,245,314,340,362,348,454,404,418,3888,0.4%
12,MERCEDES-BENZ PC,141,123,255,236,214,227,368,380,338,289,310,354,3235,0.3%
13,MERCEDES-BENZ CV,133,242,389,315,111,276,154,150,355,257,225,435,3042,0.3%
14,B M W,178,178,257,293,190,288,310,302,273,220,168,235,2892,0.3%
15,NISSAN,313,340,338,158,116,160,148,191,137,186,162,164,2413,0.2%
16,DFSK,202,101,286,75,188,292,333,273,128,101,121,313,2413,0.2%
17,K I A,113,67,135,191,134,91,196,290,324,389,53,103,2086,0.2%
18,UD TRUCKS,225,219,248,89,139,69,36,161,221,217,214,155,1993,0.2%
19,LEXUS,-,71,170,113,115,84,104,65,81,87,51,92,1033,0.1%
20,MORRIS GARAGE,212,108,2,25,33,58,114,107,112,22,63,118,974,0.1%
21,MINI,46,51,87,53,50,56,52,69,79,46,68,43,700,0.1%
22,PEUGEOT,50,32,65,46,46,34,40,35,40,31,14,18,451,0%
23,VOLKSWAGEN,35,21,62,20,23,29,55,55,23,50,10,20,403,0%
24,SUBARU,-,-,-,-,-,-,30,50,50,26,27,31,214,0%
25,TATA,25,5,28,42,-,3,26,24,28,11,13,-,205,0%
26,FAW,24,40,19,5,8,14,13,13,19,15,9,12,191,0%
27,AUDI,1,-,1,7,1,10,6,5,6,3,2,11,53,0%
28,HYUNDAI - HIM,-,1,-,-,-,-,-,-,-,-,-,-,1,0%
29,DATSUN,-,-,-,-,-,-,-,-,-,-,-,-,-,0%
30,SCANIA,-,-,-,-,-,-,-,-,-,-,-,-,-,0%
31,INFINITI,-,-,-,-,-,-,-,-,-,-,-,-,-,0%
32,CHERY,-,-,-,-,-,-,-,-,-,-,-,-,-,0%
33,HONGYAN,-,-,-,-,-,-,-,-,-,-,-,-,-,0%
34,RENAULT,-,-,-,-,-,-,-,-,-,-,-,-,-,0%
GRAND TOTAL,,84149,80995,98535,82731,49710,78910,86245,96956,99986,93194,91275,105354,1048040,100%
CUMULATIVE,,84149,165144,263679,346410,396120,475030,561275,658231,758217,851411,942686,1048040,,
B.  RETAIL SALES,,,,,,,,,,,,,,,
NO.,BRAND,MONTH,,,,,,,,,,,,"RETAIL
2022","SHARE
%"
,,JAN,FEB,MAR,APR,MAY,JUN,JUL,AUG,SEP,OCT,NOV,DEC,,
1,TOYOTA,22906,21187,30935,25789,18000,27385,26502,29996,31190,30217,28031,37360,329498,32.5%
2,DAIHATSU,17506,13122,16318,15401,11364,17054,16268,16551,17310,16433,15122,16211,188660,18.6%
3,HONDA,7727,8478,9554,10289,7758,10104,10523,10983,12977,11590,12137,13291,125411,12.4%
4,MITSUBISHI MOTORS,10676,9974,10592,10003,6707,7735,6030,7669,7011,6109,7361,8069,97936,9.7%
5,SUZUKI,7465,6000,7765,6508,6316,7006,6771,7816,7902,7605,8218,9695,89067,8.8%
6,MITSUBISHI FUSO,2841,2711,3092,3189,2408,3190,3125,3426,3325,3441,3671,3978,38397,3.8%
7,ISUZU,2287,2072,2767,2343,2369,3117,2854,2912,3227,3186,2929,3652,33715,3.3%
8,HYUNDAI - HMID,711,1709,1627,2202,1517,1663,2086,4102,4823,3826,2415,3512,30193,3%
9,HINO,2151,1742,2469,1327,2348,2548,2487,2771,2685,2771,3272,3309,29880,2.9%
10,WULING,2354,1278,2500,2079,804,1706,1644,2433,2485,2215,2437,2335,24270,2.4%
11,MAZDA,214,85,78,449,350,345,286,346,342,418,397,391,3701,0.4%
12,NISSAN,335,369,439,435,329,326,269,306,225,178,166,152,3529,0.3%
13,MERCEDES-BENZ PC,118,137,275,200,204,255,314,371,361,287,293,369,3184,0.3%
14,B M W,190,194,243,258,198,255,258,282,317,282,243,303,3023,0.3%
15,MERCEDES-BENZ CV,126,168,241,290,203,186,245,219,247,240,175,378,2718,0.3%
16,DFSK,219,209,216,200,178,186,231,204,207,124,176,254,2404,0.2%
17,UD TRUCKS,184,173,209,143,90,113,110,170,178,234,213,133,1950,0.2%
18,K I A,137,82,163,163,132,93,111,188,167,180,122,152,1690,0.2%
19,LEXUS,2,57,180,108,106,92,103,70,81,80,37,84,1000,0.1%
20,MORRIS GARAGE,223,76,31,23,21,51,101,125,100,39,66,103,959,0.1%
21,MINI,41,45,50,68,61,69,63,67,87,50,75,43,719,0.1%
22,PEUGEOT,50,32,65,46,46,34,40,35,40,31,14,18,451,0%
23,VOLKSWAGEN,35,21,62,20,23,29,27,38,40,29,25,28,377,0%
24,SCANIA,26,19,17,25,15,9,12,9,20,30,23,28,233,0%
25,TATA,18,9,35,46,2,4,26,25,25,12,14,-,216,0%
26,FAW,24,40,19,5,8,14,13,13,19,15,9,12,191,0%
27,SUBARU,-,-,-,-,-,-,15,31,29,26,31,20,152,0%
28,AUDI,1,-,1,7,1,10,6,5,6,3,2,11,53,0%
29,HYUNDAI - HIM,1,-,4,-,-,-,-,-,-,-,-,-,5,0%
30,DATSUN,-,-,-,-,-,-,-,-,-,-,-,-,-,0%
31,CHERY,-,-,-,-,-,-,-,-,-,-,-,-,-,0%
32,INFINITI,-,-,-,-,-,-,-,-,-,-,-,-,-,0%
33,HONGYAN,-,-,-,-,-,-,-,-,-,-,-,-,-,0%
34,RENAULT,-,-,-,-,-,-,-,-,-,-,-,-,-,0%
GRAND TOTAL,,78568,69989,89947,81616,61558,83579,80520,91163,95426,89651,87674,103891,1013582,100%
CUMULATIVE,,78568,148557,238504,320120,381678,465257,545777,636940,732366,822017,909691,1013582,,
C.  PRODUCTION,,,,,,,,,,,,,,,
NO.,BRAND,MONTH,,,,,,,,,,,,"PROD
2022","SHARE
%"
,,JAN,FEB,MAR,APR,MAY,JUN,JUL,AUG,SEP,OCT,NOV,DEC,,
1,TOYOTA,48414,46145,59156,47033,26952,49489,47740,56488,59372,59012,49184,53434,602419,41%
2,DAIHATSU,18095,15037,17464,15539,6978,16827,15875,15211,18602,17290,20915,24125,201958,13.7%
3,MITSUBISHI MOTORS,14006,13801,14652,4610,6960,12342,15908,16422,14967,12383,15484,11567,153102,10.4%
4,SUZUKI,11926,11259,14160,10341,10118,13641,11927,12947,11055,11230,12041,10590,141235,9.6%
5,HONDA,10318,12066,12441,9863,8145,9013,9233,10579,13300,10185,12629,13326,131098,8.9%
6,HYUNDAI - HMMI,1900,4403,4700,4400,4479,6036,6015,12010,12230,10063,9840,6340,82416,5.6%
7,ISUZU,4350,4200,4004,2582,2161,3600,3749,4009,4158,4002,4062,3817,44694,3%
8,MITSUBISHI FUSO,4520,2935,4289,942,2014,2494,3180,4056,3876,3372,3312,3324,38314,2.6%
9,HINO,2201,1800,2224,2461,2127,3083,3039,3073,3259,3278,3354,2671,32570,2.2%
10,WULING,2755,2302,2754,2084,1553,1237,929,2927,3193,3633,3268,3806,30441,2.1%
11,DFSK,270,350,397,60,200,250,265,300,150,200,150,307,2899,0.2%
12,MERCEDES-BENZ PC,145,138,180,180,140,294,301,300,296,213,273,284,2744,0.2%
13,B M W,189,236,182,172,180,257,228,289,184,172,176,197,2462,0.2%
14,UD TRUCK,171,157,185,56,42,26,-,144,191,207,210,154,1543,0.1%
15,MERCEDES-BENZ CV,128,101,93,68,69,39,42,75,99,186,168,119,1187,0.1%
16,HYUNDAI HIM,-,-,83,126,83,108,80,20,20,68,11,117,716,0%
17,MINI,44,40,24,28,20,28,22,41,6,48,24,23,348,0%
18,DATSUN,-,-,-,-,-,-,-,-,-,-,-,-,-,0%
GRAND TOTAL,,119432,114970,136988,100545,72221,118764,118533,138891,144958,135542,135101,134201,1470146,100%
CUMULATIVE,,119432,234402,371390,471935,544156,662920,781453,920344,1065302,1200844,1335945,1470146,,
D.  EXPORTS,,,,,,,,,,,,,,,
NO.,BRAND,MONTH,,,,,,,,,,,,"EXPORT
2022","SHARE
%"
,,JAN,FEB,MAR,APR,MAY,JUN,JUL,AUG,SEP,OCT,NOV,DEC,,
1,DAIHATSU,12172,11387,13874,12022,9265,10443,12666,14441,15406,18584,13265,16729,160254,33.8%
2,TOYOTA,6747,11632,13936,13886,6369,12072,11864,12201,11587,12214,11504,10942,134954,28.5%
3,MITSUBISHI MOTORS,1919,2180,4130,2482,2360,7248,8457,6560,8917,8154,4351,8985,65743,13.9%
4,SUZUKI,3224,4137,4551,4024,4282,4541,4153,3411,4281,4728,3376,6250,50958,10.8%
5,HYUNDAI - HMMI,-,853,1946,2611,3099,4043,5165,5413,6656,4915,3964,3779,42444,9%
6,HONDA,330,330,450,330,300,600,840,630,630,1020,1180,2390,9030,1.9%
7,ISUZU,520,446,672,690,503,684,577,972,888,370,1106,826,8254,1.7%
8,HINO,105,45,-,15,44,193,52,80,185,50,135,35,939,0.2%
9,HYUNDAI - HIM,-,-,34,120,90,120,120,-,20,20,80,60,664,0.1%
10,DFSK,-,13,80,31,116,8,20,-,24,3,49,-,344,0.1%
11,WULING,7,-,-,-,-,-,-,-,3,4,4,-,18,0%
TOTAL CBU (UNIT),,25024,31023,39673,36211,26428,39952,43914,43708,48597,50062,39014,49996,473602,100%
1,TOYOTA,3850,1250,4050,5320,3840,4480,2600,2880,1340,4270,5200,2340,41420,42.9%
2,MITSUBISHI MOTORS,600,1770,1350,2820,3630,4800,5640,4740,4320,3450,2820,3330,39270,40.7%
3,SUZUKI,1824,2880,3072,2064,2064,1824,1104,240,96,-,88,96,15352,15.9%
4,DFSK,85,249,60,39,-,18,-,9,-,-,-,9,469,0.5%
5,WULING,-,30,-,-,-,-,-,-,-,-,-,-,30,0%
6,ISUZU,-,-,-,-,-,-,-,-,-,-,-,-,-,0%
TOTAL CKD (SET),,6359,6179,8532,10243,9534,11122,9344,7869,5756,7720,8108,5775,96541,100%
1,TOYOTA,7594446,4321450,9636974,12053697,10841409,8984065,14125841,32789174,9701079,13651330,16552111,12099130,152350706,91.3%
2,HONDA,1322607,944034,1267295,1073604,674271,867219,1068252,1409775,1429177,628932,252780,320070,11258016,6.7%
3,HINO,141394,166133,151591,214799,151392,411086,319843,356271,382794,288964,108108,431274,3123649,1.9%
4,SUZUKI,12046,12844,14136,13351,10911,8248,14446,9305,4743,3464,754,3222,107470,0.1%
TOTAL COMPONENT (PCS),,9070493,5444461,11069996,13355451,11677983,10270618,15528382,34564525,11517793,14572690,16913753,12853696,166839841,100%
E.  IMPORTS,,,,,,,,,,,,,,,
NO.,BRAND,MONTH,,,,,,,,,,,,"IMPORT
2022","SHARE
%"
,,JAN,FEB,MAR,APR,MAY,JUN,JUL,AUG,SEP,OCT,NOV,DEC,,
1,TOYOTA,1375,2590,3406,1709,1657,1553,2667,1944,3568,3440,3658,4921,32488,39%
2,MITSUBISHI MOTORS,1110,502,2996,372,1063,2323,2864,4600,2964,2795,1335,2026,24950,30%
3,SUZUKI,16,138,251,210,285,924,2344,369,403,685,582,624,6831,8.2%
4,MAZDA,208,58,110,627,245,314,340,362,348,454,404,418,3888,4.7%
5,HYUNDAI - HMID,402,392,181,458,180,8,211,83,221,54,67,-,2257,2.7%
6,KIA,113,67,135,191,134,91,196,290,324,389,53,103,2086,2.5%
7,ISUZU,7,40,107,85,317,104,360,84,62,156,105,319,1746,2.1%
8,MERCEDES-BENZ CV,69,340,1011,50,31,-,45,24,2,17,32,76,1697,2%
9,HONDA,210,480,120,120,30,59,150,150,120,-,58,62,1559,1.9%
10,MORRIS GARAGE,213,7,-,21,50,115,105,88,225,92,80,254,1250,1.5%
11,LEXUS,-,106,219,122,63,50,116,50,184,134,12,6,1062,1.3%
12,DAIHATSU,-,-,-,79,61,40,60,130,180,142,50,-,742,0.9%
13,MERCEDES-BENZ PC,39,10,38,64,79,31,57,82,31,32,43,21,527,0.6%
14,UD TRUCK,54,94,48,48,88,46,13,13,29,10,4,-,447,0.5%
15,BMW,-,-,48,55,8,111,42,22,1,36,36,20,379,0.5%
16,HINO,-,10,40,28,57,-,46,56,14,48,62,-,361,0.4%
17,MINI,-,-,89,52,16,39,49,34,-,-,53,12,344,0.4%
18,SUBARU,-,-,-,-,-,-,34,68,36,26,34,23,221,0.3%
19,FAW,48,-,10,-,-,30,5,6,30,-,-,49,178,0.2%
20,TATA,-,54,2,-,20,15,9,34,-,9,9,-,152,0.2%
21,VOLKSWAGEN,2,-,8,4,3,5,7,11,8,5,6,5,64,0.1%
22,AUDI,1,-,1,7,1,10,6,5,6,3,2,11,53,0.1%
23,DFSK,-,-,-,-,-,-,-,-,-,-,6,10,16,0%
24,MITSUBISHI FUSO,-,-,-,-,-,-,-,-,-,-,-,-,-,0%
25,NISSAN,-,-,-,-,-,-,-,-,-,-,-,-,-,0%
26,PEUGEOT,-,-,-,-,-,-,-,-,-,-,-,-,-,0%
27,SCANIA,-,-,-,-,-,-,-,-,-,-,-,-,-,0%
28,HYUNDAI - HIM,-,-,-,-,-,-,-,-,-,-,-,-,-,0%
29,CHERY,-,-,-,-,-,-,-,-,-,-,-,-,-,0%
30,RENAULT,-,-,-,-,-,-,-,-,-,-,-,-,-,0%
TOTAL CBU (UNIT),,3867,4888,8820,4302,4388,5868,9726,8505,8756,8527,6691,8960,83298,100%
